one,other,angle
0,25,90.2784588282312
0,1,0.002355739262719164
0,22,88.58264729738545
1,0,0.002355739262719164
1,2,0.8005825781344426
1,18,93.80575764151857
1,22,91.41771875351921
2,1,0.8005825781344426
2,3,0.1381164448372358
2,16,90.1148444156468
2,18,86.99482217286992
3,2,0.1381164448372358
3,4,0.0012736076616197114
3,13,89.61775472503615
3,16,89.7470461377191
4,3,0.0012736076616197114
4,11,76.83060150896577
4,5,0.0011250870897560952
4,13,90.3813118836205
5,4,0.0011250870897560952
5,6,4.948573168290504
5,9,76.6893513734212
5,11,103.17038817621807
6,7,96.04291097409231
6,9,98.3620755183248
6,5,4.948573168290504
7,8,89.75303804580065
7,179,0.0508950990708315
7,6,96.04291097409231
8,7,89.75303804580065
8,9,75.84197546186567
8,10,0.6916900077471604
8,179,90.29784451445022
9,5,76.6893513734212
9,6,98.3620755183248
9,8,75.84197546186567
9,10,103.46633481268162
10,8,0.6916900077471604
10,9,103.46633481268162
10,11,76.67392563800324
10,12,0.2626840578727572
11,4,76.83060150896577
11,5,103.17038817621807
11,10,76.67392563800324
11,12,103.58875765335907
12,10,0.2626840578727572
12,11,103.58875765335907
12,13,89.19932895424235
12,14,0.05305502727344627
13,3,89.61775472503615
13,4,90.3813118836205
13,12,89.19932895424235
13,14,90.85371723912745
14,15,88.9467112021734
14,176,90.49807229276009
14,12,0.05305502727344627
14,13,90.85371723912745
15,16,0.8347708043488282
15,176,0.5552171702163965
15,14,88.9467112021734
16,15,0.8347708043488282
16,2,90.1148444156468
16,3,89.7470461377191
17,18,93.55079845224155
17,19,87.6738748591486
18,2,86.99482217286992
18,17,93.55079845224155
18,1,93.80575764151857
18,19,1.2246741281058515
19,38,0.3885020898561025
19,17,87.6738748591486
19,18,1.2246741281058515
19,20,90.22231721414215
20,35,91.61461792487472
20,38,89.38918315865178
20,19,90.22231721414215
20,21,0.5422969678658557
21,32,94.27172034207048
21,35,87.84308629659193
21,20,0.5422969678658557
21,22,85.23658384102123
21,23,2.549813640084748
22,0,88.58264729738545
22,1,91.41771875351921
22,32,0.4916986531427271
22,21,85.23658384102123
22,23,92.21360265087911
23,32,88.27809318885237
23,21,2.549813640084748
23,22,92.21360265087911
23,24,0.003273501434332739
23,29,90.39904285549088
24,23,0.003273501434332739
24,25,88.92221451571226
24,26,91.13890141236885
24,29,89.59788046873557
25,24,88.92221451571226
25,26,0.061138021755483975
25,0,90.2784588282312
26,24,91.13890141236885
26,25,0.061138021755483975
26,27,1.0244345748587222
26,28,88.86348559683016
27,28,90.11207997835292
27,26,1.0244345748587222
27,43,89.65891534292679
27,44,0.09519267992253112
28,31,0.9266686426072108
28,26,88.86348559683016
28,27,90.11207997835292
28,29,90.39973252206819
28,30,90.2128096767974
29,31,88.67359951914699
29,23,90.39904285549088
29,24,89.59788046873557
29,28,90.39973252206819
29,30,0.6125424331945322
30,31,90.71385829259188
30,42,90.47377015855221
30,43,90.01619500192291
30,47,1.0537359157328556
30,28,90.2128096767974
30,29,0.6125424331945322
31,32,92.64926443651493
31,33,86.02298575657557
31,34,1.2779317539848027
31,28,0.9266686426072108
31,29,88.67359951914699
31,30,90.71385829259188
32,31,92.64926443651493
32,33,1.3277499212796804
32,34,88.62866709839622
32,21,94.27172034207048
32,22,0.4916986531427271
32,23,88.27809318885237
33,31,86.02298575657557
33,32,1.3277499212796804
33,34,92.69908271566167
33,41,86.66754321453242
33,42,92.78938579228651
33,50,0.9586661633345444
34,31,1.2779317539848027
34,32,88.62866709839622
34,33,92.69908271566167
34,35,89.25652626294877
34,36,93.90766890650468
34,37,0.4941785030374582
35,34,89.25652626294877
35,36,3.16419520978585
35,37,90.24929650276012
35,20,91.61461792487472
35,21,87.84308629659193
36,34,93.90766890650468
36,35,3.16419520978585
36,37,86.58650833825064
36,40,93.68671959353027
36,41,86.72570516330137
36,53,0.7746481607433157
37,34,0.4941785030374582
37,35,90.24929650276012
37,36,86.58650833825064
37,38,88.74690241371356
37,39,93.24920697119215
37,173,0.328088241690502
38,37,88.74690241371356
38,39,1.996109441168454
38,173,91.58118172015006
38,19,0.3885020898561025
38,20,89.38918315865178
39,37,93.24920697119215
39,38,1.996109441168454
39,40,86.4775650970738
39,173,86.42270890937176
39,56,0.7424138975727173
40,36,93.68671959353027
40,39,86.4775650970738
40,41,0.4124261911702708
40,53,85.53863248290463
40,56,92.78002128690113
41,33,86.66754321453242
41,36,86.72570516330137
41,40,0.4124261911702708
41,42,0.5430715006065818
41,50,92.3737907967517
41,53,94.04894277168013
42,33,92.78938579228651
42,41,0.5430715006065818
42,43,0.4899664673317128
42,47,90.57996560287589
42,50,88.16928020382682
42,30,90.47377015855221
43,42,0.4899664673317128
43,44,90.43627556664494
43,47,88.9300692481437
43,27,89.65891534292679
43,30,90.01619500192291
44,43,90.43627556664494
44,27,0.09519267992253112
44,45,0.8214107089830701
44,46,90.14162707295698
45,65,89.69092450919645
45,66,0.19109516642678973
45,44,0.8214107089830701
45,46,90.67978318530191
46,44,90.14162707295698
46,45,90.67978318530191
46,47,90.49202811225551
46,48,90.31018888350776
46,49,0.46155708459548
47,42,90.57996560287589
47,43,88.9300692481437
47,46,90.49202811225551
47,48,0.8022174442586123
47,49,89.0464162284609
47,30,1.0537359157328556
48,63,90.95096530449966
48,64,4.048329807806353
48,65,89.31910342199387
48,46,90.31018888350776
48,47,0.8022174442586123
48,49,90.1513667928674
49,46,0.46155708459548
49,47,89.0464162284609
49,48,90.1513667928674
49,50,92.20433796484149
49,51,87.63790790361618
49,52,3.501484729129124
50,33,0.9586661633345444
50,41,92.3737907967517
50,42,88.16928020382682
50,49,92.20433796484149
50,51,0.15775644975323513
50,52,84.2941773821164
51,63,91.259759999019
51,49,87.63790790361618
51,50,0.15775644975323513
51,52,95.86357675994681
51,61,95.48655858934357
51,62,8.870839748080453
52,49,3.501484729129124
52,50,84.2941773821164
52,51,95.86357675994681
52,53,89.28308904945345
52,54,90.70681677897413
52,55,0.2513638988799905
53,36,0.7746481607433157
53,40,85.53863248290463
53,41,94.04894277168013
53,52,89.28308904945345
53,54,0.010127265322318087
53,55,90.96827261387723
54,52,90.70681677897413
54,53,0.010127265322318087
54,55,89.04182157285679
54,59,101.90166944959087
54,60,11.469985222116199
54,61,77.94304787176642
55,170,0.05105198820066495
55,52,0.2513638988799905
55,53,90.96827261387723
55,54,89.04182157285679
55,56,90.71307361633713
55,57,81.08314348151595
56,39,0.7424138975727173
56,40,92.78002128690113
56,170,89.23590161895969
56,55,90.71307361633713
56,57,8.20378294305459
57,168,78.06564166008414
57,170,98.96788130362324
57,55,81.08314348151595
57,56,8.20378294305459
57,58,0.6801932778417341
57,59,87.97336549605144
58,168,102.61455143519049
58,76,77.7114800581391
58,77,0.6173569909085046
58,57,0.6801932778417341
58,59,91.34644142410288
59,168,13.960992958417688
59,54,101.90166944959087
59,57,87.97336549605144
59,58,91.34644142410288
59,60,89.56831575373099
59,61,0.15528644125089353
60,74,64.39767893541774
60,75,19.497992404009718
60,76,101.3737627642152
60,54,11.469985222116199
60,59,89.56831575373099
60,61,90.58696693945251
61,63,6.7463186162770645
61,51,95.48655858934357
61,54,77.94304787176642
61,59,0.15528644125089353
61,60,90.58696693945251
61,62,93.3842811085186
62,63,79.86940031483836
62,72,62.63427679854989
62,73,0.6400589513628847
62,74,111.63107301691244
62,51,8.870839748080453
62,61,93.3842811085186
63,64,85.000705047796
63,65,0.27007118818710885
63,48,90.95096530449966
63,51,91.259759999019
63,61,6.7463186162770645
63,62,79.86940031483836
64,63,85.000705047796
64,65,94.72922624788299
64,68,90.9952574810475
64,69,5.687428994021458
64,70,88.32250736195961
64,48,4.048329807806353
65,63,0.27007118818710885
65,64,94.72922624788299
65,66,90.11798317860615
65,45,89.69092450919645
65,48,89.31910342199387
66,65,90.11798317860615
66,67,0.6359398114947284
66,68,84.15753309246594
66,45,0.19109516642678973
67,66,0.6359398114947284
67,68,95.20652828290659
67,88,86.68352696598707
67,89,0.23344471990444746
68,64,90.9952574810475
68,66,84.15753309246594
68,67,95.20652828290659
68,69,83.3173136833848
68,70,0.6822359481392283
69,64,5.687428994021458
69,68,83.3173136833848
69,70,97.36492149692026
69,87,85.47418744076859
69,88,94.7926310679908
70,64,88.32250736195961
70,68,0.6822359481392283
70,69,97.36492149692026
70,71,82.4136047323277
70,72,44.17311047702822
71,70,82.4136047323277
71,72,53.41328480648193
71,85,85.66661873230817
71,86,0.5052003836335279
71,87,94.74728633016157
72,70,44.17311047702822
72,71,53.41328480648193
72,73,116.72566564739779
72,74,5.734650213703498
72,62,62.63427679854989
73,72,116.72566564739779
73,74,69.00898455004342
73,83,103.39407908052523
73,84,6.825598593121753
73,85,104.19443081464864
73,62,0.6400589513628847
74,72,5.734650213703498
74,73,69.00898455004342
74,75,96.10432868032578
74,76,14.228558347658872
74,60,64.39767893541774
74,62,111.63107301691244
75,74,96.10432868032578
75,76,98.12422963324329
75,78,89.50728503150793
75,82,0.342233019507834
75,60,19.497992404009718
76,74,14.228558347658872
76,75,98.12422963324329
76,77,102.90587670708034
76,58,77.7114800581391
76,60,101.3737627642152
77,79,1.9026572671391961
77,58,0.6173569909085046
77,76,102.90587670708034
77,78,69.46260862843006
78,75,89.50728503150793
78,77,69.46260862843006
78,79,108.63473429578328
78,82,90.15048312526764
79,166,123.08291169628265
79,77,1.9026572671391961
79,78,108.63473429578328
79,80,20.421753020518935
79,81,71.21940298690335
80,97,88.08388208325117
80,98,0.22675045976397945
80,164,102.56055523950695
80,166,77.338841321923
80,79,20.421753020518935
80,81,88.35884401249346
81,166,14.302314762963038
81,79,71.21940298690335
81,80,88.35884401249346
81,82,89.9953795925977
81,83,1.145755870736432
82,75,0.342233019507834
82,78,90.15048312526764
82,81,89.9953795925977
82,83,91.15037583065944
83,73,103.39407908052523
83,81,1.145755870736432
83,82,91.15037583065944
83,84,83.43151941994283
83,85,27.588509898648265
84,95,0.5626885977790391
84,97,101.27150989405978
84,73,6.825598593121753
84,83,83.43151941994283
84,85,68.97997069980818
85,71,85.66661873230817
85,73,104.19443081464864
85,83,27.588509898648265
85,84,68.97997069980818
85,86,93.82818190348965
85,87,0.4139056376178679
86,96,90.43128286413841
86,71,0.5052003836335279
86,85,93.82818190348965
86,87,85.75791304632536
86,92,0.09233602473229906
87,69,85.47418744076859
87,71,94.74728633016157
87,85,0.4139056376178679
87,86,85.75791304632536
87,88,0.2668205602671204
88,67,86.68352696598707
88,69,94.7926310679908
88,87,0.2668205602671204
88,89,93.54991287154728
89,88,93.54991287154728
89,90,9.650431540939994
89,91,90.80402392213357
89,67,0.23344471990444746
90,116,81.34980212455908
90,117,2.336350545972929
90,89,9.650431540939994
90,91,98.84640756286974
91,89,90.80402392213357
91,90,98.84640756286974
91,92,90.24730190570949
91,93,0.4682679303115384
92,96,89.66105041342941
92,91,90.24730190570949
92,93,90.22096319249424
92,86,0.09233602473229906
93,95,106.31586277924784
93,99,29.239972723026877
93,91,0.4682679303115384
93,92,90.22096319249424
93,94,73.34141126260991
94,95,0.3427269988126573
94,99,77.41861608015316
94,106,73.4858636031773
94,108,76.70827503543279
94,109,1.2437088624080497
94,110,104.13223114621108
94,93,73.34141126260991
95,96,106.1978763849273
95,97,78.16580197798774
95,99,102.92410990384634
95,84,0.5626885977790391
95,93,106.31586277924784
95,94,0.3427269988126573
96,95,106.1978763849273
96,92,89.66105041342941
96,86,90.43128286413841
97,95,78.16580197798774
97,98,92.14286757463749
97,164,10.644437537375783
97,80,88.08388208325117
97,84,101.27150989405978
98,97,92.14286757463749
98,162,99.21258200465489
98,99,86.76722054407955
98,100,0.3810947039363308
98,164,77.2126951260976
98,80,0.22675045976397945
99,95,102.92410990384634
99,98,86.76722054407955
99,162,5.9798029787573705
99,100,92.8516853190484
99,93,29.239972723026877
99,94,77.41861608015316
100,98,0.3810947039363308
100,162,81.16851215847821
100,99,92.8516853190484
100,101,86.0271067136523
100,102,0.6339401530439419
100,157,93.47304688219593
101,100,86.0271067136523
101,102,94.60683256040086
101,107,86.07962453323782
101,108,0.4108686495796728
101,157,0.4998473328740399
102,100,0.6339401530439419
102,101,94.60683256040086
102,103,20.09279407742601
102,104,115.61296816854214
102,147,64.48258415059189
102,155,95.1758738536438
102,157,85.89301386155235
103,102,20.09279407742601
103,104,84.47982588635304
103,137,87.03186029491766
103,138,0.5352050125340959
103,145,87.95951166387209
103,147,95.42462182300078
104,102,115.61296816854214
104,103,84.47982588635304
104,105,94.10418609236919
104,106,0.003351937517175713
104,147,0.09556130294240582
105,135,7.989385604736454
105,104,94.10418609236919
105,136,86.5402190270828
105,106,85.89888638517955
105,137,94.38412772636171
106,104,0.003351937517175713
106,105,85.89888638517955
106,109,107.75784491342657
106,110,2.381905450719185
106,94,73.4858636031773
107,108,93.50950855617823
107,101,86.07962453323782
108,107,93.50950855617823
108,101,0.4108686495796728
108,94,76.70827503543279
109,131,91.47465436837538
109,132,0.2044016716317609
109,136,79.8030496746685
109,106,107.75784491342657
109,110,74.6240603534694
109,94,1.2437088624080497
110,106,2.381905450719185
110,109,74.6240603534694
110,111,103.58653717597514
110,112,2.024474382888383
110,94,104.13223114621108
111,112,74.38898850025845
111,130,0.6642671442972726
111,131,90.31474810233216
111,110,103.58653717597514
112,111,74.38898850025845
112,113,103.49339307815006
112,114,0.25811444919701443
112,110,2.024474382888383
113,112,103.49339307815006
113,114,76.2484942879257
113,124,92.64192203727168
113,125,0.16667873228373511
114,112,0.25811444919701443
114,113,76.2484942879257
114,115,102.20654970358288
114,116,0.5158274366769463
115,122,2.2863878725268845
115,114,102.20654970358288
115,123,93.23583648261891
115,116,77.27762431262794
116,114,0.5158274366769463
116,90,81.34980212455908
116,115,77.27762431262794
116,117,100.98654828957609
117,90,2.336350545972929
117,123,88.49999091536358
117,116,100.98654828957609
117,118,0.29219661348535314
118,119,79.8560617749302
118,123,91.79220213901695
118,117,0.29219661348535314
119,120,104.07227575667214
119,128,15.035564860803154
119,118,79.8560617749302
120,119,104.07227575667214
120,128,90.963289057811
120,121,0.5988615161193831
120,126,89.41314620376036
121,120,0.5988615161193831
121,122,0.40054606895303335
121,124,92.98280844533824
121,126,91.18571461186998
122,123,84.47777571069493
122,121,0.40054606895303335
122,115,2.2863878725268845
122,124,86.6166461540156
123,122,84.47777571069493
123,115,93.23583648261891
123,117,88.49999091536358
123,118,91.79220213901695
124,113,92.64192203727168
124,121,92.98280844533824
124,122,86.6166461540156
124,125,87.19140132948836
125,127,0.9006755438120889
125,113,0.16667873228373511
125,124,87.19140132948836
125,126,88.64007561330799
126,127,90.45924927154272
126,120,89.41314620376036
126,121,91.18571461186998
126,125,88.64007561330799
127,128,89.16431546688914
127,129,90.68884418492873
127,125,0.9006755438120889
127,126,90.45924927154272
128,127,89.16431546688914
128,129,0.14684356587159986
128,119,15.035564860803154
128,120,90.963289057811
129,127,90.68884418492873
129,128,0.14684356587159986
129,130,89.69715638008851
129,133,2.778512394386316
130,111,0.6642671442972726
130,129,89.69715638008851
130,131,89.02098582773573
130,133,87.52433128167264
131,130,89.02098582773573
131,132,88.32094723151108
131,136,8.72229600609393
131,109,91.47465436837538
131,111,90.31474810233216
132,131,88.32094723151108
132,133,95.13373565909443
132,134,85.21520013736553
132,136,100.40134874243259
132,109,0.2044016716317609
133,129,2.778512394386316
133,130,87.52433128167264
133,132,95.13373565909443
133,134,0.34893671332404136
134,135,88.91305567969899
134,139,0.8426540020085972
134,132,85.21520013736553
134,133,0.34893671332404136
135,134,88.91305567969899
135,136,85.47039544066442
135,105,7.989385604736454
135,137,93.60525782708595
135,139,90.24429103449393
136,131,8.72229600609393
136,132,100.40134874243259
136,135,85.47039544066442
136,105,86.5402190270828
136,137,0.9243475542367658
136,109,79.8030496746685
137,135,93.60525782708595
137,136,0.9243475542367658
137,105,94.38412772636171
137,103,87.03186029491766
137,138,93.5033440314833
137,145,5.00862821984209
138,103,0.5352050125340959
138,137,93.5033440314833
138,139,82.64710710696073
138,140,103.67467372927406
138,145,91.50528402931648
139,134,0.8426540020085972
139,135,90.24429103449393
139,138,82.64710710696073
139,140,6.32178094928664
140,144,74.90172005368521
140,138,103.67467372927406
140,139,6.32178094928664
140,141,2.0939120688330393
141,144,107.19219152844737
141,140,2.0939120688330393
141,142,80.46583707481054
142,143,82.39693707517823
142,149,1.2665060715939054
142,141,80.46583707481054
143,142,82.39693707517823
143,144,89.94503432164953
143,145,0.13665045759285938
143,146,90.00342877076841
143,149,96.33655691532259
144,140,74.90172005368521
144,141,107.19219152844737
144,143,89.94503432164953
144,145,89.91832218803616
144,146,0.051540825217516434
145,103,87.95951166387209
145,137,5.00862821984209
145,138,91.50528402931648
145,143,0.13665045759285938
145,144,89.91832218803616
145,146,90.13321473482708
146,143,90.00342877076841
146,144,0.051540825217516434
146,145,90.13321473482708
146,147,86.48265177833599
146,148,93.51991996726179
147,102,64.48258415059189
147,103,95.42462182300078
147,104,0.09556130294240582
147,146,86.48265177833599
147,148,0.0029115466448663497
148,146,93.51991996726179
148,147,0.0029115466448663497
148,149,80.14009434674111
148,152,100.01910078246723
149,143,96.33655691532259
149,152,0.1591970007614287
149,148,80.14009434674111
149,142,1.2665060715939054
150,228,73.6453743566267
150,246,15.412329890422507
150,151,57.71327324659548
150,152,75.61334020317514
151,152,17.90006695661209
151,150,57.71327324659548
152,227,70.4918565167104
152,148,100.01910078246723
152,149,0.1591970007614287
152,150,75.61334020317514
152,151,17.90006695661209
153,159,2.5687643226673855
153,154,93.79983394596272
153,227,86.79271214123682
154,159,88.76893022816877
154,153,93.79983394596272
154,155,16.190252426573814
154,156,91.67754189341998
155,154,16.190252426573814
155,156,104.5127104963889
155,102,95.1758738536438
156,154,91.67754189341998
156,155,104.5127104963889
156,157,84.77014949555446
156,158,91.0790253322576
157,100,93.47304688219593
157,101,0.4998473328740399
157,102,85.89301386155235
157,156,84.77014949555446
157,158,4.150825351865714
158,160,86.527754567966
158,161,91.32667223481249
158,156,91.0790253322576
158,157,4.150825351865714
159,160,1.9467480930449572
159,211,95.60203357187427
159,153,2.5687643226673855
159,154,88.76893022816877
160,159,1.9467480930449572
160,161,2.145573249130784
160,211,82.45121847104241
160,158,86.527754567966
161,160,2.145573249130784
161,162,90.1190564675658
161,158,91.32667223481249
162,161,90.1190564675658
162,98,99.21258200465489
162,163,90.35295444589019
162,99,5.9798029787573705
162,100,81.16851215847821
162,209,5.231000928680831
163,162,90.35295444589019
163,164,93.2217684237585
163,165,0.9427756262827764
163,209,84.41604508057006
164,97,10.644437537375783
164,98,77.2126951260976
164,163,93.2217684237585
164,165,87.72100697862297
164,80,102.56055523950695
165,167,27.20893050470086
165,163,0.9427756262827764
165,164,87.72100697862297
165,166,92.37959646022541
166,165,92.37959646022541
166,167,60.41147305251457
166,79,123.08291169628265
166,80,77.338841321923
166,81,14.302314762963038
167,168,72.60576346990047
167,169,12.980559225666854
167,165,27.20893050470086
167,166,60.41147305251457
168,167,72.60576346990047
168,169,94.41367732860635
168,57,78.06564166008414
168,58,102.61455143519049
168,59,13.960992958417688
169,167,12.980559225666854
169,168,94.41367732860635
169,170,88.55279970798809
169,171,0.5403917528646238
170,169,88.55279970798809
170,171,91.98759163144123
170,55,0.05105198820066495
170,56,89.23590161895969
170,57,98.96788130362324
171,169,0.5403917528646238
171,170,91.98759163144123
171,196,88.01500147076868
171,172,0.5628974551571229
172,193,88.21400768661482
172,196,92.54789556407877
172,171,0.5628974551571229
172,173,92.1742812209846
172,174,0.3474837813460772
173,193,0.3882922255881939
173,37,0.328088241690502
173,38,91.58118172015006
173,39,86.42270890937176
173,172,92.1742812209846
173,174,87.47823562280632
174,191,87.61369265926132
174,193,92.1334754879622
174,172,0.3474837813460772
174,173,87.47823562280632
174,175,1.1999697179725886
175,191,91.18633777926121
175,176,1.297328022922542
175,177,88.86970480014996
175,174,1.1999697179725886
176,14,90.49807229276009
176,175,1.297328022922542
176,177,89.83296755610884
176,15,0.5552171702163965
177,175,88.86970480014996
177,176,89.83296755610884
177,178,0.09810470785132944
177,190,89.89740991377366
178,177,0.09810470785132944
178,179,88.89706326160616
178,180,26.57068317352159
178,188,90.94249884743364
178,190,90.00449802101463
179,7,0.0508950990708315
179,8,90.29784451445022
179,178,88.89706326160616
179,180,64.53225363654677
179,188,0.16044082010179922
180,178,26.57068317352159
180,179,64.53225363654677
180,181,22.83150922305064
180,187,152.73857275616595
180,188,115.6281842844267
181,180,22.83150922305064
181,182,87.6284838063682
181,183,0.5517804710459913
181,184,95.49807512901468
181,187,50.09293645633245
182,256,11.625888090749829
182,257,79.63705878565344
182,181,87.6284838063682
182,183,92.92329646939905
182,184,3.1265591999443565
183,203,100.26974428499031
183,204,1.2712508622719123
183,181,0.5517804710459913
183,182,92.92329646939905
183,184,83.95014460591604
184,200,1.7958641141333629
184,181,95.49807512901468
184,182,3.1265591999443565
184,183,83.95014460591604
184,185,33.66324140673207
185,194,1.3626110213790823
185,199,97.0602728907052
185,200,148.13262250668262
185,184,33.66324140673207
185,186,87.84540840223663
186,194,93.51720171931606
186,199,4.905681329263766
186,185,87.84540840223663
186,187,92.9003386150556
186,188,4.533581607667957
186,189,86.21717164487255
187,180,152.73857275616595
187,181,50.09293645633245
187,186,92.9003386150556
187,188,91.63324295940737
187,189,0.8824911055062002
188,178,90.94249884743364
188,179,0.16044082010179922
188,180,115.6281842844267
188,186,4.533581607667957
188,187,91.63324295940737
188,189,89.2492467971485
189,191,0.14970446354809244
189,192,90.4334414805287
189,186,86.21717164487255
189,187,0.8824911055062002
189,188,89.2492467971485
189,190,89.80375633440413
190,191,90.04654750681657
190,192,0.237198566158087
190,177,89.89740991377366
190,178,90.00449802101463
190,189,89.80375633440413
191,192,89.71625469476182
191,174,87.61369265926132
191,175,91.18633777926121
191,189,0.14970446354809244
191,190,90.04654750681657
192,191,89.71625469476182
192,193,90.53657715801806
192,194,89.832185155303
192,195,0.04577989864938755
192,189,90.4334414805287
192,190,0.237198566158087
193,192,90.53657715801806
193,194,0.3687657951119908
193,195,89.41764752081986
193,172,88.21400768661482
193,173,0.3882922255881939
193,174,92.1334754879622
194,192,89.832185155303
194,193,0.3687657951119908
194,195,90.2135901839711
194,199,81.57711700608425
194,185,1.3626110213790823
194,186,93.51720171931606
195,192,0.04577989864938755
195,193,89.41764752081986
195,194,90.2135901839711
195,196,89.82044922849205
195,197,30.503359869102287
195,198,89.45194977335855
196,195,89.82044922849205
196,197,59.676190963601506
196,198,0.7276029371839802
196,171,88.01500147076868
196,172,92.54789556407877
197,195,30.503359869102287
197,196,59.676190963601506
197,198,121.051410079482
197,208,86.46416065620674
197,209,89.18643945955198
197,210,0.20492538086806267
198,195,89.45194977335855
198,196,0.7276029371839802
198,197,121.051410079482
198,199,98.75734303673988
198,200,33.56444767279044
198,201,61.48953833832841
199,194,81.57711700608425
199,198,98.75734303673988
199,200,114.80710460261221
199,201,19.753118647142514
199,185,97.0602728907052
199,186,4.905681329263766
200,198,33.56444767279044
200,199,114.80710460261221
200,201,84.94601404156201
200,184,1.7958641141333629
200,185,148.13262250668262
201,198,61.48953833832841
201,199,19.753118647142514
201,200,84.94601404156201
201,202,0.5310660791026327
201,203,92.62996096482756
202,201,0.5310660791026327
202,203,86.83897332968004
202,206,92.36223283193094
202,207,8.95428280190541
202,208,90.46382520236946
203,183,100.26974428499031
203,201,92.62996096482756
203,202,86.83897332968004
203,204,81.00150640363044
204,183,1.2712508622719123
204,203,81.00150640363044
204,205,4.418176418450357
204,206,99.79728743485771
205,204,4.418176418450357
205,219,95.3863836541634
205,220,1.9186083996350587
205,206,84.6208889105562
206,202,92.36223283193094
206,204,99.79728743485771
206,205,84.6208889105562
206,207,96.59204994226609
206,208,2.8260586041722364
207,202,8.95428280190541
207,206,96.59204994226609
207,208,80.58189205034724
207,215,99.04097804449573
207,216,5.4966670422740185
207,217,83.21370361486392
208,197,86.46416065620674
208,202,90.46382520236946
208,206,2.8260586041722364
208,207,80.58189205034724
208,209,4.3494002792793385
208,210,93.740759145688
209,162,5.231000928680831
209,163,84.41604508057006
209,197,89.18643945955198
209,208,4.3494002792793385
209,210,90.60864078608527
210,197,0.20492538086806267
210,208,93.740759145688
210,209,90.60864078608527
210,211,89.44451056230488
210,212,0.4699503271382576
210,213,86.89656341933005
211,159,95.60203357187427
211,160,82.45121847104241
211,210,89.44451056230488
211,212,91.02543783857857
211,213,3.658926301236992
212,226,91.16349918543884
212,227,89.14858059581832
212,228,49.398009537131074
212,229,1.239396106421206
212,210,0.4699503271382576
212,211,91.02543783857857
212,213,92.63348821271137
213,210,86.89656341933005
213,211,3.658926301236992
213,212,92.63348821271137
213,214,87.96164721901484
213,215,0.2601940253330216
214,225,88.34179466047804
214,226,88.24136538283653
214,213,87.96164721901484
214,215,92.29854545946553
215,207,99.04097804449573
215,213,0.2601940253330216
215,214,92.29854545946553
215,216,86.45568884907804
215,217,2.254681898140329
216,223,92.04021604834534
216,224,1.1476050506492048
216,225,92.90397103102914
216,207,5.4966670422740185
216,215,86.45568884907804
216,217,91.28962951636842
217,207,83.21370361486392
217,215,2.254681898140329
217,216,91.28962951636842
217,218,88.18956803125347
217,219,0.1869765878386018
218,223,88.48058640403292
218,217,88.18956803125347
218,219,91.62345811277413
218,222,89.89475574449024
219,217,0.1869765878386018
219,218,91.62345811277413
219,220,86.53222433195076
219,205,95.3863836541634
220,205,1.9186083996350587
220,219,86.53222433195076
220,221,1.4690895893672096
220,222,91.94956181080515
221,236,90.04199128086714
221,237,0.9687107142044964
221,220,1.4690895893672096
221,222,89.51952741325199
222,223,1.6246582013086035
222,218,89.89475574449024
222,220,91.94956181080515
222,221,89.51952741325199
223,224,86.81217942273544
223,225,4.944187182059516
223,216,92.04021604834534
223,218,88.48058640403292
223,252,6.19186968528812
223,222,1.6246582013086035
224,223,86.81217942273544
224,225,88.24363351784098
224,232,89.01220748912317
224,233,0.5018973409133898
224,234,91.9049870575312
224,216,1.1476050506492048
225,223,4.944187182059516
225,224,88.24363351784098
225,226,3.4168400760608755
225,214,88.34179466047804
225,216,92.90397103102914
226,225,3.4168400760608755
226,227,0.3120825154162954
226,228,39.43849134146525
226,229,87.59710605017214
226,212,91.16349918543884
226,214,88.24136538283653
227,226,0.3120825154162954
227,228,140.24942892709404
227,229,92.09081421000576
227,212,89.14858059581832
227,152,70.4918565167104
227,153,86.79271214123682
228,226,39.43849134146525
228,227,140.24942892709404
228,229,131.8413852816829
228,212,49.398009537131074
228,150,73.6453743566267
228,246,90.94229580989624
229,226,87.59710605017214
229,227,92.09081421000576
229,228,131.8413852816829
229,230,88.69079490389964
229,212,1.239396106421206
229,245,32.856063527921854
229,244,91.33337051199716
230,231,90.56703811670981
230,232,0.4210087227407505
230,229,88.69079490389964
231,230,90.56703811670981
231,232,89.01195402560275
231,243,6.099793799869372
231,244,89.40879646729935
232,224,89.01220748912317
232,230,0.4210087227407505
232,231,89.01195402560275
232,233,90.48589597569357
232,234,0.917194781165784
233,224,0.5018973409133898
233,232,90.48589597569357
233,234,88.59690948802843
233,241,97.41761286398471
233,242,2.0045708725089897
234,224,91.9049870575312
234,232,0.917194781165784
234,233,88.59690948802843
234,235,88.73272234328894
234,236,0.09666264887991964
235,234,88.73272234328894
235,236,91.17062071762932
235,239,87.97736191755703
235,240,3.7653360807708434
235,241,85.25275530475848
236,234,0.09666264887991964
236,235,91.17062071762932
236,237,88.989298404355
236,221,90.04199128086714
237,236,88.989298404355
237,238,6.963266356923102
237,239,91.86271896047813
237,221,0.9687107142044964
238,239,95.10054730713743
238,251,69.35882962800737
238,237,6.963266356923102
239,235,87.97736191755703
239,237,91.86271896047813
239,238,95.10054730713743
239,240,88.25730225548519
239,241,6.769882876837998
240,235,3.7653360807708434
240,239,88.25730225548519
240,241,98.512580547624
240,250,71.36173226880345
240,251,107.28332081041914
241,233,97.41761286398471
241,235,85.25275530475848
241,239,6.769882876837998
241,240,98.512580547624
241,242,84.58695748577858
242,249,77.44408284947788
242,241,84.58695748577858
242,233,2.0045708725089897
242,250,105.53872969884593
243,231,6.099793799869372
243,244,84.49140993790603
243,248,83.30358518341198
243,249,98.9628438629293
244,229,91.33337051199716
244,231,89.40879646729935
244,243,84.49140993790603
244,245,55.81056600162633
245,229,32.856063527921854
245,244,55.81056600162633
245,246,104.36025539482098
245,247,77.38360756898722
246,228,90.94229580989624
246,245,104.36025539482098
246,150,15.412329890422507
246,247,1.743863675162408
247,248,59.01083130904651
247,245,77.38360756898722
247,246,1.743863675162408
248,247,59.01083130904651
248,249,2.2664291068341678
248,243,83.30358518341198
249,242,77.44408284947788
249,243,98.9628438629293
249,248,2.2664291068341678
249,250,2.9828126063283698
250,240,71.36173226880345
250,249,2.9828126063283698
250,242,105.53872969884593
250,251,1.3549473437263364
251,240,107.28332081041914
251,250,1.3549473437263364
251,238,69.35882962800737
252,223,6.19186968528812
252,257,99.18071433449587
252,253,22.48525022750711
253,257,103.30453577806276
253,252,22.48525022750711
253,254,85.29346750663916
254,255,7.364106980950662
254,256,82.66494342164592
254,253,85.29346750663916
255,256,89.9709501823032
255,254,7.364106980950662
256,255,89.9709501823032
256,257,88.73705329385744
256,182,11.625888090749829
256,254,82.66494342164592
257,256,88.73705329385744
257,182,79.63705878565344
257,252,99.18071433449587
257,253,103.30453577806276
