one,other,angle
0,1,0.658321750629385
0,36,86.41707514212308
0,38,92.39325838317363
1,0,0.658321750629385
1,2,0.2401282243509089
1,34,85.88655878664794
1,36,94.24124621321519
2,32,92.15687004502807
2,1,0.2401282243509089
2,34,94.3535679900375
2,3,1.2779317539848027
3,32,86.56519843153238
3,2,1.2779317539848027
3,4,0.9266686426072108
3,30,91.30018772102257
4,3,0.9266686426072108
4,5,0.06033143349928982
4,27,90.165872266465
4,30,89.62648025465323
5,4,0.06033143349928982
5,6,2.929563829448933
5,24,87.93557269494673
5,27,89.89443288636772
6,7,2.7335524721535296
6,24,94.99399085860279
6,5,2.929563829448933
6,22,85.45857116792894
7,8,0.8004485222780583
7,22,91.80787641964643
7,20,88.82542928011999
7,6,2.7335524721535296
8,7,0.8004485222780583
8,9,0.9362965451851214
8,18,88.41827182790367
8,20,91.97501896208445
9,8,0.9362965451851214
9,10,0.01632993327636398
9,16,88.21316955764553
9,18,90.64543210183129
10,9,0.01632993327636398
10,11,0.13042369801444426
10,14,89.02343210787947
10,16,91.80312651876966
11,10,0.13042369801444426
11,12,95.243593630854
11,14,91.10698418592857
12,11,95.243593630854
12,67,0.013638327451607193
12,13,87.46523442072102
13,65,94.22532858234119
13,67,92.54835717658644
13,12,87.46523442072102
13,14,86.18418776250192
13,15,1.9200207572780617
14,65,0.4095178650397894
14,10,89.02343210787947
14,11,91.10698418592857
14,13,86.18418776250192
14,15,91.89579194419892
15,63,93.44900287221223
15,65,87.69469173673335
15,13,1.9200207572780617
15,14,91.89579194419892
15,16,87.27764942917435
15,17,0.9445964445963656
16,63,0.7266531533656823
16,9,88.21316955764553
16,10,91.80312651876966
16,15,87.27764942917435
16,17,91.77775472573057
17,63,87.49559299351685
17,15,0.9445964445963656
17,16,91.77775472573057
17,18,89.36364361480227
17,19,1.0490923918708048
17,61,91.69844461273796
18,8,88.41827182790367
18,9,90.64543210183129
18,17,89.36364361480227
18,19,91.68544836443355
18,61,1.06208880321302
19,17,1.0490923918708048
19,18,91.68544836443355
19,20,87.92126084559533
19,21,0.4271608972083318
19,59,92.80995763479663
19,61,87.25246342633325
20,7,88.82542928011999
20,8,91.97501896208445
20,19,87.92126084559533
20,21,91.6515787853587
20,59,0.7312193304838289
21,19,0.4271608972083318
21,20,91.6515787853587
21,22,87.71511551488466
21,23,1.5705991088536575
21,57,92.66549285994341
21,59,87.6172027472998
22,6,85.45857116792894
22,7,91.80787641964643
22,21,87.71511551488466
22,23,93.8554835090536
22,57,0.3806100211852231
23,25,2.1658607783016697
23,21,1.5705991088536575
23,22,93.8554835090536
23,55,94.35953166893681
23,24,85.69195446448114
23,57,85.76390812654377
24,5,87.93557269494673
24,6,94.99399085860279
24,55,0.05149865677843378
24,23,85.69195446448114
24,25,92.14218493190128
25,53,89.95697996678824
25,55,87.80632895153
25,23,2.1658607783016697
25,26,0.05577156005473642
25,24,92.14218493190128
26,51,89.16514338042731
26,53,89.98725833073759
26,25,0.05577156005473642
26,27,89.97204776390551
26,28,0.109895779108011
27,4,90.165872266465
27,5,89.89443288636772
27,51,0.8628095975791028
27,26,89.97204776390551
27,28,89.91805876032291
28,49,90.44720525146023
28,51,90.9447501093082
28,26,0.109895779108011
28,27,89.91805876032291
28,29,0.3870450806603637
29,31,0.5836337790697422
29,47,90.43226629207506
29,49,89.16575041604624
29,28,0.3870450806603637
29,30,89.90254437124834
30,31,89.51382256142892
30,3,91.30018772102257
30,4,89.62648025465323
30,47,0.3348125095019985
30,29,89.90254437124834
31,32,92.6207912860338
31,33,3.501484729129124
31,45,87.63790790361618
31,47,90.1513667928674
31,29,0.5836337790697422
31,30,89.51382256142892
32,31,92.6207912860338
32,33,83.87772406413511
32,2,92.15687004502807
32,3,86.56519843153238
32,45,0.25870153309409705
33,31,3.501484729129124
33,32,83.87772406413511
33,34,89.6118379008028
33,35,0.498957778031438
33,43,90.70681677897413
33,45,95.86357675994681
34,1,85.88655878664794
34,33,89.6118379008028
34,35,90.88711929442043
34,2,94.3535679900375
34,43,0.3186564736107068
35,33,0.498957778031438
35,34,90.88711929442043
35,36,88.98507570575451
35,37,0.6224898438081075
35,41,102.05238970260828
35,43,88.79422604015129
36,0,86.41707514212308
36,1,94.24124621321519
36,35,88.98507570575451
36,37,90.39243489682192
36,41,11.037465448649595
37,35,0.6224898438081075
37,36,90.39243489682192
37,38,90.79723157788881
37,39,80.708249603037
37,41,78.57009970802015
38,39,8.494518878547256
38,0,92.39325838317363
38,37,90.79723157788881
39,40,88.83726718482002
39,115,0.6801932778417341
39,37,80.708249603037
39,38,8.494518878547256
40,39,88.83726718482002
40,41,111.88438350424214
40,42,1.8568512293821997
40,113,68.2811666727917
40,115,90.48253973191656
41,35,102.05238970260828
41,36,11.037465448649595
41,37,78.57009970802015
41,40,111.88438350424214
41,42,66.25876545001921
41,113,0.1655513613026907
42,40,1.8568512293821997
42,41,66.25876545001921
42,43,102.89461880784752
42,44,0.8376669232710019
42,111,88.57536639012267
42,113,113.57568438262224
43,33,90.70681677897413
43,34,0.3186564736107068
43,35,88.79422604015129
43,42,102.89461880784752
43,44,77.94304787176642
43,111,11.469985222116199
44,42,0.8376669232710019
44,43,77.94304787176642
44,109,93.3842811085186
44,45,95.48655858934357
44,46,6.7463186162770645
44,111,90.58696693945251
45,31,87.63790790361618
45,32,0.25870153309409705
45,33,95.86357675994681
45,44,95.48655858934357
45,46,91.259759999019
45,109,8.870839748080453
46,105,85.000705047796
46,44,6.7463186162770645
46,109,79.86940031483836
46,45,91.259759999019
46,47,90.95096530449966
46,48,0.4920957819394877
47,31,90.1513667928674
47,105,4.048329807806353
47,46,90.95096530449966
47,48,89.54112960757557
47,29,90.43226629207506
47,30,0.3348125095019985
48,103,89.0455112517662
48,105,94.50720005809973
48,46,0.4920957819394877
48,47,89.54112960757557
48,49,90.86085368430565
48,50,0.7356069664769979
49,103,0.09364086327953274
49,48,90.86085368430565
49,50,88.40353973659357
49,28,90.44720525146023
49,29,89.16575041604624
50,101,89.60440277564864
50,103,91.69009534093976
50,48,0.7356069664769979
50,49,88.40353973659357
50,51,90.20450490263828
50,52,0.5478858192239154
51,101,0.19109516642678973
51,50,90.20450490263828
51,52,90.34338046920912
51,26,89.16514338042731
51,27,0.8628095975791028
51,28,90.9447501093082
52,101,89.84771186532198
52,50,0.5478858192239154
52,51,90.34338046920912
52,53,90.5042178196261
52,54,0.08563756593921877
53,52,90.5042178196261
53,54,89.5814129763089
53,25,89.95697996678824
53,26,89.98725833073759
54,95,87.12637326112967
54,52,0.08563756593921877
54,53,89.5814129763089
54,55,92.65527810538454
54,56,0.6163686174954901
55,95,0.21835526550860204
55,54,92.65527810538454
55,23,94.35953166893681
55,56,87.96108990949789
55,25,87.80632895153
55,24,0.05149865677843378
56,95,92.25725874985895
56,97,87.93700288238216
56,54,0.6163686174954901
56,55,87.96108990949789
56,57,91.91547029505251
56,58,0.10136313866908184
57,97,0.1475363238290422
57,21,92.66549285994341
57,22,0.3806100211852231
57,23,85.76390812654377
57,56,91.91547029505251
57,58,87.98316794543787
58,97,92.16435889253964
58,99,87.68938905158156
58,56,0.10136313866908184
58,57,87.98316794543787
58,59,91.73413644733334
58,60,0.3624948219777179
59,99,0.5764768803953124
59,19,92.80995763479663
59,20,0.7312193304838289
59,21,87.6172027472998
59,58,91.73413644733334
59,60,87.90336934473011
60,99,92.67310517546684
60,74,87.81743563347435
60,58,0.3624948219777179
60,59,87.90336934473011
60,61,92.03420959416714
60,62,0.002037418961794773
61,74,0.14835745033208644
61,17,91.69844461273796
61,18,1.06208880321302
61,19,87.25246342633325
61,60,92.03420959416714
61,62,87.96398698237542
62,63,92.84197541140131
62,64,0.0012097186250871715
62,72,88.2149710424025
62,74,92.18436780472162
62,60,0.002037418961794773
62,61,87.96398698237542
63,64,87.15862302614056
63,72,1.0569468245380065
63,15,93.44900287221223
63,16,0.7266531533656823
63,17,87.49559299351685
63,62,92.84197541140131
64,63,87.15862302614056
64,65,91.69768236495254
64,66,0.006068351075081556
64,70,88.58152543487508
64,72,91.78443053649126
64,62,0.0012097186250871715
65,64,91.69768236495254
65,66,88.30825727271845
65,70,0.2792092027477669
65,13,94.22532858234119
65,14,0.4095178650397894
65,15,87.69469173673335
66,64,0.006068351075081556
66,65,88.30825727271845
66,67,84.91805696835546
66,68,95.55082348054256
66,70,91.41253494673279
67,12,0.013638327451607193
67,66,84.91805696835546
67,68,0.4688812262578108
67,13,92.54835717658644
68,81,0.7028166772040733
68,66,95.55082348054256
68,67,0.4688812262578108
68,69,84.79108386874239
69,68,84.79108386874239
69,70,88.24555770400202
69,71,0.5173892602639025
69,79,91.80446663978823
69,81,94.50610014029213
70,64,88.58152543487508
70,65,0.2792092027477669
70,66,91.41253494673279
70,69,88.24555770400202
70,71,91.23705442799208
70,79,0.050034604400790564
71,69,0.5173892602639025
71,70,91.23705442799208
71,72,88.3969896006504
71,73,0.3353211426120647
71,77,91.74653971341608
71,79,88.71292124938145
72,63,1.0569468245380065
72,64,91.78443053649126
72,71,88.3969896006504
72,73,91.9383299153123
72,77,0.1435331288214096
72,62,88.2149710424025
73,71,0.3353211426120647
73,72,91.9383299153123
73,74,87.6623312375811
73,75,92.45816688051625
73,77,87.91814078978733
74,73,87.6623312375811
74,75,0.12050300475154425
74,60,87.81743563347435
74,61,0.14835745033208644
74,62,92.18436780472162
75,100,88.10581160455892
75,73,92.45816688051625
75,74,0.12050300475154425
75,76,91.8032714352325
75,88,0.6887683976791317
76,100,0.09092175643312146
76,75,91.8032714352325
76,77,87.82042089446409
76,78,0.2620835331322979
76,86,91.76631321413488
76,88,88.88549486048649
77,71,91.74653971341608
77,72,0.1435331288214096
77,73,87.91814078978733
77,76,87.82042089446409
77,78,91.91749763484043
77,86,0.4132694552303808
78,76,0.2620835331322979
78,77,91.91749763484043
78,79,87.6230414023628
78,80,0.17490446334087673
78,84,92.39618488278492
78,86,88.49576828753695
79,69,91.80446663978823
79,70,0.050034604400790564
79,71,88.71292124938145
79,78,87.6230414023628
79,80,92.55185945600418
79,84,0.01930317515164159
80,78,0.17490446334087673
80,79,92.55185945600418
80,81,81.13757376402657
80,82,99.19277941963772
80,84,87.4289142926968
81,80,81.13757376402657
81,82,0.3303576815287605
81,68,0.7028166772040733
81,69,94.50610014029213
82,459,6.025339204830246
82,80,99.19277941963772
82,81,0.3303576815287605
82,83,85.26831050149559
83,459,88.7063504938142
83,461,92.3270742029282
83,82,85.26831050149559
83,84,88.10999578634407
83,85,0.5025930649004806
84,461,0.4370723625312283
84,78,92.39618488278492
84,79,0.01930317515164159
84,80,87.4289142926968
84,83,88.10999578634407
84,85,92.39259634146423
85,461,87.1703336939055
85,83,0.5025930649004806
85,84,92.39259634146423
85,86,86.71545048821604
85,87,0.23196541439996995
86,76,91.76631321413488
86,77,0.4132694552303808
86,78,88.49576828753695
86,85,86.71545048821604
86,87,93.05258631421906
87,463,91.45343397995121
87,85,0.23196541439996995
87,86,93.05258631421906
87,88,86.2956056111702
87,89,0.12864318845002215
88,100,91.20542212751819
88,75,0.6887683976791317
88,76,88.88549486048649
88,463,2.250960832113171
88,87,86.2956056111702
88,89,93.8330342451425
89,463,88.4179261858093
89,87,0.12864318845002215
89,88,93.8330342451425
89,90,86.4840836254967
89,91,2.2564132860161963
90,98,91.45454307874544
90,99,0.0026117727083863947
90,100,88.4774600018536
90,89,86.4840836254967
90,91,95.77232957089404
91,89,2.2564132860161963
91,90,95.77232957089404
91,92,84.70567735437321
91,93,1.9302381375167037
92,96,91.43045036673769
92,97,0.3301555365077765
92,98,88.06744999600674
92,91,84.70567735437321
92,93,93.36408458915405
93,466,94.26549692757105
93,469,0.0762083972993736
93,91,1.9302381375167037
93,92,93.36408458915405
93,94,86.16706505678955
94,95,0.05559781186626255
94,96,89.03839998732596
94,466,0.43256386663670177
94,469,93.90912989525472
94,93,86.16706505678955
95,96,90.90603951087871
95,54,87.12637326112967
95,55,0.21835526550860204
95,56,92.25725874985895
95,94,0.05559781186626255
96,95,90.90603951087871
96,97,88.89969885688231
96,98,0.5020999217904675
96,92,91.43045036673769
96,94,89.03839998732596
97,96,88.89969885688231
97,98,91.60240079912232
97,56,87.93700288238216
97,57,0.1475363238290422
97,58,92.16435889253964
97,92,0.3301555365077765
98,96,0.5020999217904675
98,97,91.60240079912232
98,99,88.54385125675726
98,100,0.06800011864996715
98,90,91.45454307874544
98,92,88.06744999600674
99,98,88.54385125675726
99,100,91.52414568632207
99,90,0.0026117727083863947
99,58,87.68938905158156
99,59,0.5764768803953124
99,60,92.67310517546684
100,98,0.06800011864996715
100,99,91.52414568632207
100,75,88.10581160455892
100,76,0.09092175643312146
100,88,91.20542212751819
100,90,88.4774600018536
101,102,89.39736208060344
101,145,0.6359398114947284
101,50,89.60440277564864
101,51,0.19109516642678973
101,52,89.84771186532198
102,101,89.39736208060344
102,103,89.30813980280888
102,104,7.528895824138255
102,143,89.79871542669096
102,145,89.96669928445387
103,102,89.30813980280888
103,104,83.16296441273154
103,143,0.8931456327146204
103,48,89.0455112517662
103,49,0.09364086327953274
103,50,91.69009534093976
104,102,7.528895824138255
104,103,83.16296441273154
104,105,93.28432427741045
104,106,0.6106466160821856
104,141,81.02824688215586
104,143,97.73018037272207
105,104,93.28432427741045
105,106,86.10502947620806
105,141,5.687428994021458
105,46,85.000705047796
105,47,4.048329807806353
105,48,94.50720005809973
106,104,0.6106466160821856
106,105,86.10502947620806
106,107,4.7567125881844685
106,139,81.40742441288073
106,141,99.58239937928288
107,137,84.95283942247379
107,106,4.7567125881844685
107,139,93.83586301463974
107,108,41.633875782674934
108,135,116.72566564739779
108,137,53.41328480648193
108,107,41.633875782674934
108,109,62.63427679854989
108,110,5.734650213703498
109,135,0.6400589513628847
109,108,62.63427679854989
109,44,93.3842811085186
109,45,8.870839748080453
109,110,111.63107301691244
109,46,79.86940031483836
110,135,69.00898455004342
110,108,5.734650213703498
110,109,111.63107301691244
110,111,64.39767893541774
110,112,0.8704470293307344
110,120,96.10432868032578
111,42,88.57536639012267
111,43,11.469985222116199
111,44,90.58696693945251
111,110,64.39767893541774
111,112,116.47276789664724
111,120,19.497992404009718
112,110,0.8704470293307344
112,111,116.47276789664724
112,113,41.37618133228021
112,114,24.688633261344968
112,118,97.91023344440737
112,120,83.02522449597339
113,40,68.2811666727917
113,41,0.1655513613026907
113,42,113.57568438262224
113,112,41.37618133228021
113,114,113.93518542494505
113,118,40.71358523484953
114,112,24.688633261344968
114,113,113.93518542494505
114,115,87.30110817066983
114,116,93.31624859163082
114,118,106.77839980837919
115,39,0.6801932778417341
115,40,90.48253973191656
115,114,87.30110817066983
115,116,0.6173569909085046
116,123,1.9026572671391961
116,114,93.31624859163082
116,115,0.6173569909085046
116,117,69.46391225190389
117,116,69.46391225190389
117,118,90.44143934810116
117,119,0.002906815789097045
117,123,108.63343066730393
118,112,97.91023344440737
118,113,40.71358523484953
118,114,106.77839980837919
118,117,90.44143934810116
118,119,89.55573700948284
119,117,0.002906815789097045
119,118,89.55573700948284
119,120,89.50880505018036
119,121,90.14896310078232
120,110,96.10432868032578
120,111,19.497992404009718
120,112,83.02522449597339
120,119,89.50880505018036
120,121,0.342233019507834
121,134,91.15037583065944
121,119,90.14896310078232
121,120,0.342233019507834
121,122,89.9953795925977
122,121,89.9953795925977
122,123,71.21940298690335
122,124,88.35884401249346
122,134,1.145755870736432
123,116,1.9026572671391961
123,117,108.63343066730393
123,122,71.21940298690335
123,124,20.421753020518935
124,132,88.08388208325117
124,122,88.35884401249346
124,123,20.421753020518935
124,125,0.22675045976397945
125,132,92.14286757463749
125,150,0.3810947039363308
125,124,0.22675045976397945
125,126,86.76722054407955
126,127,102.84272447094551
126,128,29.239972723026877
126,150,92.8516853190484
126,156,77.41861608015316
126,125,86.76722054407955
127,128,106.39724821160215
127,131,73.7207381827615
127,133,0.34018655581832763
127,156,0.26134182210741624
127,126,102.84272447094551
128,127,106.39724821160215
128,129,90.22096319249424
128,149,0.4389786652356464
128,156,73.34141126260991
128,126,29.239972723026877
129,128,90.22096319249424
129,130,0.09233602473229906
129,131,89.66105041342941
129,149,90.21801324320377
130,129,0.09233602473229906
130,131,90.43128286413841
130,136,93.82818190348965
130,137,0.5052003836335279
130,138,86.01783856174718
131,127,73.7207381827615
131,129,89.66105041342941
131,130,90.43128286413841
131,133,106.6194476250668
132,133,101.41262680129108
132,124,88.08388208325117
132,125,92.14286757463749
133,127,0.34018655581832763
133,131,106.6194476250668
133,132,101.41262680129108
133,134,83.2904025125107
133,135,6.684481691293832
133,136,69.12108760761153
134,133,83.2904025125107
134,135,103.39407908052523
134,136,27.588509898648265
134,121,91.15037583065944
134,122,1.145755870736432
135,133,6.684481691293832
135,134,103.39407908052523
135,136,104.19443081464864
135,108,116.72566564739779
135,109,0.6400589513628847
135,110,69.00898455004342
136,130,93.82818190348965
136,133,69.12108760761153
136,134,27.588509898648265
136,135,104.19443081464864
136,137,85.66661873230817
136,138,0.15398046024337644
137,130,0.5052003836335279
137,136,85.66661873230817
137,138,94.48736081189041
137,107,84.95283942247379
137,108,53.41328480648193
138,130,86.01783856174718
138,136,0.15398046024337644
138,137,94.48736081189041
138,139,86.72393675103656
138,140,0.5292041394699024
139,106,81.40742441288073
139,138,86.72393675103656
139,107,93.83586301463974
139,140,93.805267289584
140,138,0.5292041394699024
140,139,93.805267289584
140,141,85.20490891836425
140,142,0.013821448208702436
141,104,81.02824688215586
141,105,5.687428994021458
141,106,99.58239937928288
141,140,85.20490891836425
141,142,94.78128559578079
142,140,0.013821448208702436
142,141,94.78128559578079
142,143,86.46028714963856
142,144,0.03749879892086835
142,148,94.4502940458583
143,102,89.79871542669096
143,103,0.8931456327146204
143,104,97.73018037272207
143,142,86.46028714963856
143,144,93.57720475112087
143,148,0.9105824331643504
144,142,0.03749879892086835
144,143,93.57720475112087
144,145,86.65738053774483
144,146,93.57605928653022
144,148,85.51221407236012
145,101,0.6359398114947284
145,102,89.96669928445387
145,144,86.65738053774483
145,146,0.23344471990444746
146,144,93.57605928653022
146,145,0.23344471990444746
146,147,90.69813485409006
146,468,9.477162405276687
146,469,88.7443563231961
147,146,90.69813485409006
147,468,98.77902748169643
147,469,0.5575106091380788
147,148,90.21359178703301
147,149,0.13518187548732868
148,142,94.4502940458583
148,143,0.9105824331643504
148,144,85.51221407236012
148,147,90.21359178703301
148,149,89.92158594498353
149,128,0.4389786652356464
149,129,90.21801324320377
149,147,0.13518187548732868
149,148,89.92158594498353
150,151,0.6339401530439419
150,154,86.0271067136523
150,125,0.3810947039363308
150,126,92.8516853190484
151,166,20.09279407742601
151,150,0.6339401530439419
151,152,115.61296816854214
151,154,94.60683256040086
152,164,94.10418609236919
152,166,84.47982588635304
152,151,115.61296816854214
152,157,0.003351937517175713
153,154,86.07962453323782
153,155,93.50950855617823
154,151,94.60683256040086
154,153,86.07962453323782
154,155,0.4108686495796728
154,150,86.0271067136523
155,153,93.50950855617823
155,154,0.4108686495796728
155,156,76.70827503543279
156,127,0.26134182210741624
156,128,73.34141126260991
156,162,1.2437088624080497
156,126,77.41861608015316
156,155,76.70827503543279
156,157,73.4858636031773
156,158,104.13223114621108
157,162,107.75784491342657
157,164,85.89888638517955
157,152,0.003351937517175713
157,156,73.4858636031773
157,158,2.381905450719185
158,159,2.024474382888383
158,160,103.58653717597514
158,162,74.6240603534694
158,156,104.13223114621108
158,157,2.381905450719185
159,160,74.38898850025845
159,186,0.25811444919701443
159,182,103.49339307815006
159,158,2.024474382888383
160,159,74.38898850025845
160,161,90.31474810233216
160,173,0.6642671442972726
160,158,103.58653717597514
161,160,90.31474810233216
161,162,91.47465436837538
161,163,8.72229600609393
161,171,88.32094723151108
161,173,89.02098582773573
162,161,91.47465436837538
162,163,79.8030496746685
162,171,0.2044016716317609
162,156,1.2437088624080497
162,157,107.75784491342657
162,158,74.6240603534694
163,161,8.72229600609393
163,162,79.8030496746685
163,164,86.5402190270828
163,165,0.9243475542367658
163,169,85.47039544066442
163,171,100.40134874243259
164,163,86.5402190270828
164,165,94.38412772636171
164,169,7.989385604736454
164,152,94.10418609236919
164,157,85.89888638517955
165,163,0.9243475542367658
165,164,94.38412772636171
165,166,87.03186029491766
165,167,93.5033440314833
165,169,93.60525782708595
166,167,0.5352050125340959
166,152,84.47982588635304
166,151,20.09279407742601
166,165,87.03186029491766
167,165,93.5033440314833
167,166,0.5352050125340959
167,168,82.64710710696073
167,233,7.763001084363807
168,167,82.64710710696073
168,233,89.5898918849567
168,169,90.24429103449393
168,170,0.8426540020085972
169,163,85.47039544066442
169,164,7.989385604736454
169,165,93.60525782708595
169,168,90.24429103449393
169,170,88.91305567969899
170,168,0.8426540020085972
170,169,88.91305567969899
170,171,85.21520013736553
170,172,0.34893671332404136
170,216,92.19765955268727
171,161,88.32094723151108
171,162,0.2044016716317609
171,163,100.40134874243259
171,170,85.21520013736553
171,172,95.13373565909443
171,216,2.5871404842221115
172,170,0.34893671332404136
172,171,95.13373565909443
172,173,87.52433128167264
172,174,2.778512394386316
172,216,87.45340466393078
173,160,0.6642671442972726
173,161,89.02098582773573
173,172,87.52433128167264
173,174,89.69715638008851
174,175,90.68884418492873
174,176,1.0739658681693345
174,172,2.778512394386316
174,173,89.69715638008851
175,174,90.68884418492873
175,176,88.23719005080692
175,180,90.45924927154272
175,181,0.9006755438120889
176,175,88.23719005080692
176,177,1.280515549072753
176,196,87.44979467798008
176,174,1.0739658681693345
177,191,13.962263424517875
177,196,91.26968996707798
177,176,1.280515549072753
177,178,90.6098991107168
178,191,103.35236427435598
178,177,90.6098991107168
178,179,0.5988615161193831
178,180,89.41314620376036
179,183,92.98280844533824
179,184,0.40054606895303335
179,178,0.5988615161193831
179,180,91.18571461186998
180,175,90.45924927154272
180,178,89.41314620376036
180,179,91.18571461186998
180,181,88.64007561330799
181,175,0.9006755438120889
181,180,88.64007561330799
181,183,87.19140132948836
181,182,0.16667873228373511
182,159,103.49339307815006
182,181,0.16667873228373511
182,183,92.64192203727168
182,186,76.2484942879257
183,179,92.98280844533824
183,181,87.19140132948836
183,182,92.64192203727168
183,184,86.6166461540156
184,183,86.6166461540156
184,185,2.2863878725268845
184,179,0.40054606895303335
184,189,84.47777571069493
185,184,2.2863878725268845
185,186,102.20654970358288
185,187,77.27762431262794
185,189,93.23583648261891
186,159,0.25811444919701443
186,182,76.2484942879257
186,185,102.20654970358288
186,187,0.5158274366769463
187,185,77.27762431262794
187,186,0.5158274366769463
187,188,100.9699395697755
188,467,79.20974014842703
188,468,2.4930109506750915
188,187,100.9699395697755
188,189,88.51659963520416
188,190,0.30880529311031
189,184,84.47777571069493
189,185,93.23583648261891
189,188,88.51659963520416
189,190,91.79220213901695
190,191,99.4240267437162
190,188,0.30880529311031
190,189,91.79220213901695
191,192,98.75641474790109
191,177,13.962263424517875
191,178,103.35236427435598
191,190,99.4240267437162
192,191,98.75641474790109
192,193,82.2290492498379
192,375,2.0324565799049754
193,192,82.2290492498379
193,194,79.6059482831309
193,195,14.31589994657006
193,375,99.80340725408071
194,193,79.6059482831309
194,195,86.07815183791111
194,200,93.43735576759659
194,201,0.05620797426601525
195,193,14.31589994657006
195,194,86.07815183791111
195,196,87.39120950280237
195,197,91.90477074302379
196,176,87.44979467798008
196,177,91.26968996707798
196,195,87.39120950280237
196,197,0.7040207113734512
197,195,91.90477074302379
197,196,0.7040207113734512
197,198,88.9856164956245
197,199,4.634456973665978
197,200,88.57972165151148
198,199,86.3799267317263
198,208,82.16564497730545
198,197,88.9856164956245
199,197,4.634456973665978
199,198,86.3799267317263
199,202,95.54305803572888
199,206,4.782635171846547
199,207,84.8074864461896
200,201,86.61883876326115
200,194,93.43735576759659
200,197,88.57972165151148
201,378,97.61609421662784
201,200,86.61883876326115
201,194,0.05620797426601525
201,202,81.78336806177691
202,199,95.54305803572888
202,201,81.78336806177691
202,206,79.67430682337992
202,207,0.3505455123477847
202,378,0.6005389728322715
204,292,0.2535332459714601
204,205,2.7667470425776384
204,293,89.14155046456425
204,294,89.73415152803196
205,206,14.093323229840234
205,204,2.7667470425776384
205,294,87.49910149944617
206,199,4.782635171846547
206,202,79.67430682337992
206,205,14.093323229840234
206,207,99.9751487023276
207,199,84.8074864461896
207,202,0.3505455123477847
207,206,99.9751487023276
207,208,106.646941844879
207,209,12.754096401598387
208,207,106.646941844879
208,209,86.10715454789631
208,198,82.16564497730545
209,207,12.754096401598387
209,208,86.10715454789631
209,210,1.3043150499304368
209,211,93.69150478152358
210,224,90.63043462780769
210,227,4.631347161864145
210,228,85.70274890308319
210,209,1.3043150499304368
210,211,85.00418028096502
211,209,93.69150478152358
211,210,85.00418028096502
211,212,96.07006398146801
211,213,7.292368567764832
212,223,91.03164852897802
212,224,88.29532110979281
212,225,0.25269356706452106
212,211,96.07006398146801
212,213,91.22230452927505
213,215,31.206387723671483
213,211,7.292368567764832
213,212,91.22230452927505
213,222,89.57200584177141
215,213,31.206387723671483
215,216,32.42042811246943
215,217,146.60511005253318
215,219,109.69296958112051
215,222,121.63438187345348
216,170,92.19765955268727
216,171,2.5871404842221115
216,172,87.45340466393078
216,215,32.42042811246943
216,217,0.9744620885245696
216,219,37.88660232571558
217,223,0.06545535471134292
217,215,146.60511005253318
217,216,0.9744620885245696
217,219,143.08785952768287
217,221,89.75713090085172
217,222,91.76050807401332
219,215,109.69296958112051
219,216,37.88660232571558
219,217,143.08785952768287
219,220,39.07313699565716
219,221,127.1550095714654
220,225,88.55250821486395
220,226,3.432340851737383
220,219,39.07313699565716
220,221,91.9181274177597
221,223,90.30831993259451
221,217,89.75713090085172
221,219,127.1550095714654
221,220,91.9181274177597
221,222,1.5176390720836783
222,223,88.17404109997572
222,213,89.57200584177141
222,215,121.63438187345348
222,217,91.76050807401332
222,221,1.5176390720836783
223,224,0.6730310135966183
223,225,89.2210444347826
223,212,91.03164852897802
223,217,0.06545535471134292
223,221,90.30831993259451
223,222,88.17404109997572
224,223,0.6730310135966183
224,225,91.45198593548193
224,227,94.00091251008394
224,228,3.666816647236448
224,210,90.63043462780769
224,212,88.29532110979281
225,223,89.2210444347826
225,224,91.45198593548193
225,226,88.01515105840642
225,212,0.25269356706452106
225,220,88.55250821486395
226,225,88.01515105840642
226,227,86.53195049603113
226,229,103.16914406794885
226,220,3.432340851737383
227,224,94.00091251008394
227,226,86.53195049603113
227,228,89.66590396918907
227,229,9.701094594746898
227,210,4.631347161864145
228,224,3.666816647236448
228,227,89.66590396918907
228,240,88.66503597280285
228,241,0.4768349390376628
228,210,85.70274890308319
228,242,71.95961114879061
229,226,103.16914406794885
229,227,9.701094594746898
229,230,0.004003877268023199
230,234,79.17824239205879
230,235,90.42512559724257
230,229,0.004003877268023199
231,232,47.91416920372177
231,235,89.26451064307203
231,236,94.84195243256949
232,231,47.91416920372177
233,167,7.763001084363807
233,168,89.5898918849567
233,234,7.227310680791215
234,233,7.227310680791215
234,235,10.396632074771686
234,230,79.17824239205879
235,230,90.42512559724257
235,231,89.26451064307203
235,234,10.396632074771686
235,236,4.106463134513917
236,231,94.84195243256949
236,235,4.106463134513917
236,237,0.6784461621231588
236,238,93.51727083318329
237,236,0.6784461621231588
237,238,85.80428333540485
237,248,89.83874870010513
237,249,1.3014277344006941
238,236,93.51727083318329
238,237,85.80428333540485
238,239,91.53252280959902
238,240,3.3252085244606246
239,238,91.53252280959902
239,240,85.14226889162833
239,246,96.01508032540859
239,247,1.2502317402487173
239,248,92.82444515489243
240,228,88.66503597280285
240,238,3.3252085244606246
240,239,85.14226889162833
240,241,91.81179829715616
240,242,19.375352914466568
241,228,0.4768349390376628
241,240,91.81179829715616
241,242,107.56355459611244
241,244,107.37059540808977
241,245,24.58408907486713
241,246,87.03085248585401
242,228,71.95961114879061
242,293,35.997298446158084
242,240,19.375352914466568
242,241,107.56355459611244
242,243,46.68632164058892
242,244,145.0658499957978
243,255,90.70586504713172
243,256,0.7042268757990572
243,293,97.31637993185524
243,242,46.68632164058892
243,244,81.62047164405695
244,293,1.0631489415726445
244,241,107.37059540808977
244,242,145.0658499957978
244,243,81.62047164405695
244,245,97.21349366497992
244,246,14.401447924348213
245,255,90.4601696438436
245,241,24.58408907486713
245,244,97.21349366497992
245,246,68.385058450167
245,253,109.29735485633834
245,254,0.07879443075556362
246,239,96.01508032540859
246,241,87.03085248585401
246,244,14.401447924348213
246,245,68.385058450167
246,247,82.7346880348764
246,248,8.839525561482649
247,239,1.2502317402487173
247,246,82.7346880348764
247,248,88.42578649536324
247,251,91.06556573833159
247,252,4.015471949982753
247,253,99.5828986587488
248,237,89.83874870010513
248,239,92.82444515489243
248,246,8.839525561482649
248,247,88.42578649536324
248,249,91.4626789626118
249,237,1.3014277344006941
249,248,91.4626789626118
249,250,1.06300147851447
249,251,89.04596880369854
250,275,79.0417661399788
250,276,2.7958195571842985
250,249,1.06300147851447
250,251,92.01703251058342
251,247,91.06556573833159
251,249,89.04596880369854
251,250,92.01703251058342
251,252,92.9499061795414
251,253,10.648464477383179
252,271,84.08782785419457
252,272,5.572563716779427
252,274,70.06530082376011
252,247,4.015471949982753
252,251,92.9499061795414
252,253,76.40162943667158
253,245,109.29735485633834
253,247,99.5828986587488
253,251,10.648464477383179
253,252,76.40162943667158
253,254,70.62385880136314
254,257,90.00980973342313
254,262,3.624845758208518
254,263,88.8825419139392
254,245,0.07879443075556362
254,253,70.62385880136314
255,256,89.9983610109849
255,243,90.70586504713172
255,245,90.4601696438436
256,255,89.9983610109849
256,257,90.37321253205715
256,258,0.4322944385607999
256,291,89.21121914063066
256,243,0.7042268757990572
257,256,90.37321253205715
257,258,90.05907948706553
257,291,0.41556935786630905
257,262,86.36534474905923
257,263,1.1076485471941395
257,254,90.00980973342313
258,256,0.4322944385607999
258,257,90.05907948706553
258,289,82.11497574433572
258,259,106.39437086727527
258,291,90.35648886353229
259,289,8.509346650935326
259,258,106.39437086727527
259,260,47.4557296317529
259,261,22.871112118781
259,262,77.18120489677064
260,259,47.4557296317529
260,261,109.67315830311286
260,262,55.36306553525874
260,282,83.69747195062419
260,283,94.38242747798508
261,259,22.871112118781
261,260,109.67315830311286
261,262,125.68990721154819
261,265,90.04021601472523
261,266,0.28472255187372003
262,257,86.36534474905923
262,259,77.18120489677064
262,260,55.36306553525874
262,261,125.68990721154819
262,263,94.74230361821024
262,254,3.624845758208518
263,257,1.1076485471941395
263,262,94.74230361821024
263,264,41.07428734415497
263,265,49.52757315553225
263,254,88.8825419139392
264,263,41.07428734415497
264,265,89.39813951429983
264,268,90.67102475105614
264,269,0.7147640706606212
264,270,89.4792418087878
265,263,49.52757315553225
265,264,89.39813951429983
265,266,90.24450429118409
265,261,90.04021601472523
266,261,0.28472255187372003
266,265,90.24450429118409
266,267,0.05697752132796832
266,268,89.68633144346046
267,279,90.07213545844387
267,280,0.028502673624696374
267,266,0.05697752132796832
267,268,90.37063685049792
268,264,90.67102475105614
268,266,89.68633144346046
268,267,90.37063685049792
268,269,90.04373858830978
268,270,0.15026726349705707
269,264,0.7147640706606212
269,268,90.04373858830978
269,270,89.80599486009984
269,273,89.27659382526257
269,278,0.35748017987378683
269,279,89.51348910274841
270,264,89.4792418087878
270,268,0.15026726349705707
270,269,89.80599486009984
270,271,90.54938716525616
271,272,90.33960845034358
271,274,25.846871333838173
271,252,84.08782785419457
271,270,90.54938716525616
272,271,90.33960845034358
272,273,0.02841720495099672
272,274,115.50726287718716
272,252,5.572563716779427
273,279,1.2099171142291425
273,272,0.02841720495099672
273,269,89.27659382526257
273,278,91.08088528823484
274,271,25.846871333838173
274,272,115.50726287718716
274,275,25.92599434931181
274,252,70.06530082376011
275,274,25.92599434931181
275,250,79.0417661399788
275,276,98.16241435169559
276,250,2.7958195571842985
276,275,98.16241435169559
276,277,1.3155672898257205
276,278,81.20384751931253
277,280,79.80289380782392
277,281,21.37010927273202
277,276,1.3155672898257205
277,278,100.1117197356196
278,269,0.35748017987378683
278,273,91.08088528823484
278,276,81.20384751931253
278,277,100.1117197356196
278,279,90.1290317884912
279,267,90.07213545844387
279,269,89.51348910274841
279,273,1.2099171142291425
279,278,90.1290317884912
279,280,89.95635466811548
280,267,0.028502673624696374
280,277,79.80289380782392
280,279,89.95635466811548
280,281,78.82699696467702
281,280,78.82699696467702
281,282,88.17255144037338
281,277,21.37010927273202
282,281,88.17255144037338
282,283,1.9201024876715609
282,260,83.69747195062419
283,287,82.54791735224819
283,284,10.850512432062798
283,282,1.9201024876715609
283,260,94.38242747798508
284,287,86.60157045319093
284,283,10.850512432062798
284,285,89.23592198808441
285,284,89.23592198808441
285,324,2.6576406838857785
285,286,67.71395408442645
286,287,116.4485534811088
286,320,98.5871616267298
286,288,10.101001510547258
286,324,114.94368564246392
286,285,67.71395408442645
287,320,35.03571517058341
287,288,73.6524479435633
287,283,82.54791735224819
287,284,86.60157045319093
287,286,116.4485534811088
288,287,73.6524479435633
288,320,71.31183701974292
288,289,70.47082419515
288,290,18.60511924576394
288,318,109.23210439243653
288,286,10.101001510547258
289,288,70.47082419515
289,258,82.11497574433572
289,259,8.509346650935326
289,290,90.92405659643516
289,318,0.2970745863469907
290,288,18.60511924576394
290,289,90.92405659643516
290,291,96.6044787956992
290,292,0.1761942734707372
290,318,89.37301483921672
291,256,89.21121914063066
291,257,0.41556935786630905
291,258,90.35648886353229
291,290,96.6044787956992
291,292,83.5717082474325
292,290,0.1761942734707372
292,291,83.5717082474325
292,204,0.2535332459714601
292,293,90.60491871992869
293,292,90.60491871992869
293,204,89.14155046456425
293,242,35.997298446158084
293,243,97.31637993185524
293,244,1.0631489415726445
294,204,89.73415152803196
294,205,87.49910149944617
295,379,10.540362903469246
295,296,83.37303743809767
295,306,95.98020320902206
295,307,6.15719805039359
296,295,83.37303743809767
296,297,90.66832592599762
296,301,50.715577492635184
296,472,12.162908220411573
296,379,107.16732543155621
297,296,90.66832592599762
297,305,0.4152679665291862
297,306,89.97843342704876
297,304,90.39753793327654
301,296,50.715577492635184
301,302,49.76902201537816
301,303,32.11896326953608
301,304,129.55521050600888
301,472,117.12151435829769
302,301,49.76902201537816
302,303,98.11201473596792
302,304,0.6757679984507551
302,348,98.52154921530912
302,349,81.47632603149671
302,350,8.614500202214463
303,301,32.11896326953608
303,302,98.11201473596792
303,304,82.56375275720954
303,310,97.37944733163937
303,311,0.3164670353085975
304,297,90.39753793327654
304,301,129.55521050600888
304,302,0.6757679984507551
304,303,82.56375275720954
304,305,90.01772938004976
304,306,0.3759726160586032
305,297,0.4152679665291862
305,304,90.01772938004976
305,306,89.60629927220793
305,309,90.15991053590946
305,310,90.03907053114875
306,295,95.98020320902206
306,297,89.97843342704876
306,304,0.3759726160586032
306,305,89.60629927220793
306,307,90.17699480227782
307,295,6.15719805039359
307,306,90.17699480227782
307,308,0.2685532381037905
307,309,90.05679538960491
308,313,88.74177453287564
308,314,89.66303426013157
308,307,0.2685532381037905
308,309,90.21175694793102
309,305,90.15991053590946
309,307,90.05679538960491
309,308,90.21175694793102
309,310,0.19898366373191584
310,303,97.37944733163937
310,305,90.03907053114875
310,311,82.3040864188129
310,309,0.19898366373191584
311,303,0.3164670353085975
311,312,97.67729324413162
311,310,82.3040864188129
312,311,97.67729324413162
312,314,0.3428118406723965
312,316,31.240591997302648
313,314,1.5951913211292283
313,308,88.74177453287564
313,317,88.26058942241087
314,312,0.3428118406723965
314,313,1.5951913211292283
314,316,148.41659784794234
314,308,89.66303426013157
316,312,31.240591997302648
316,314,148.41659784794234
317,319,4.800050524802331
317,313,88.26058942241087
317,318,90.51782634562885
318,319,84.68212324921508
318,288,109.23210439243653
318,289,0.2970745863469907
318,290,89.37301483921672
318,317,90.51782634562885
319,320,94.77393533976976
319,321,1.4151185153965071
319,317,4.800050524802331
319,318,84.68212324921508
320,319,94.77393533976976
320,288,71.31183701974292
320,321,83.81094630431275
320,287,35.03571517058341
320,286,98.5871616267298
321,319,1.4151185153965071
321,320,83.81094630431275
321,322,84.87653040762963
321,323,5.188065894068519
322,321,84.87653040762963
322,323,100.31153545475527
322,327,83.49032498880456
322,328,12.486337589084835
323,321,5.188065894068519
323,322,100.31153545475527
323,324,67.84627226089421
323,325,87.2609816822334
324,323,67.84627226089421
324,325,24.89274618677131
324,285,2.6576406838857785
324,286,114.94368564246392
325,323,87.2609816822334
325,324,24.89274618677131
325,326,0.9194717708534872
325,327,88.93715787445056
326,325,0.9194717708534872
326,327,91.9823105345153
326,330,88.32982053418318
326,331,1.3225742886188214
327,328,84.02333769360567
327,322,83.49032498880456
327,325,88.93715787445056
327,326,91.9823105345153
328,322,12.486337589084835
328,327,84.02333769360567
328,329,5.948324026374719
328,330,95.66453123779915
328,369,84.59051086255563
329,328,5.948324026374719
329,330,90.28379240861263
329,333,89.29796753631456
329,334,0.5965672384325832
329,369,89.46116554167317
330,326,88.32982053418318
330,328,95.66453123779915
330,329,90.28379240861263
330,331,90.34760695330117
330,369,0.2550454915408555
331,326,1.3225742886188214
331,330,90.34760695330117
331,332,0.002422031993624279
331,333,90.07063310177189
332,335,88.4123254198987
332,331,0.002422031993624279
332,333,89.92832777714618
333,329,89.29796753631456
333,331,90.07063310177189
333,332,89.92832777714618
333,334,91.29859567804665
334,329,0.5965672384325832
334,333,91.29859567804665
334,335,90.36075112490863
334,336,87.78224784453617
335,336,1.8570017667863885
335,332,88.4123254198987
335,334,90.36075112490863
336,335,1.8570017667863885
336,337,0.6585946153986563
336,334,87.78224784453617
337,336,0.6585946153986563
337,401,3.4716495738413924
337,338,90.05799654485891
338,399,90.00727152954109
338,401,93.41365284520157
338,339,1.1539524500875395
338,337,90.05799654485891
339,399,88.83877741813284
339,338,1.1539524500875395
339,394,93.62757530692323
339,340,0.4717282014435122
340,391,104.65076419484177
340,394,86.84414967143556
340,339,0.4717282014435122
340,470,1.3449019174005885
340,341,93.08438903947369
341,391,17.735153236271824
341,470,88.26051205376854
